 nbmag=          33
 thetain,bmagin=
  -3.1415926535897931        1.5088614025453084     
  -2.8657173339723561        1.5010760618042889     
  -2.5934229512863940        1.4779126108465168     
  -2.3280874592429601        1.4400270840467988     
  -2.0727006275624031        1.3887377348722840     
  -1.8297099703245128        1.3262442812136153     
  -1.6009043343838973        1.2557340104048360     
  -1.3873360705422926        1.1812601467306145     
  -1.1892820796263424        1.1073524497207632     
  -1.0062498201415373        1.0384175563596540     
 -0.83704252745349850       0.97806296512847180     
 -0.67989779861339805       0.92852522787433844     
 -0.53269439762257997       0.89041592080276111     
 -0.39318695752091859       0.86296441915160416     
 -0.25920272460225346       0.84471567400868031     
 -0.12874605415456175       0.83431210648715692     
  -4.4408920985006262E-016  0.83092963304509559     
  0.12874605415456042       0.83431210648715692     
  0.25920272460225169       0.84471567400868031     
  0.39318695752091681       0.86296441915160416     
  0.53269439762257953       0.89041592080276111     
  0.67989779861339716       0.92852522787433844     
  0.83704252745349716       0.97806296512847180     
   1.0062498201415355        1.0384175563596540     
   1.1892820796263406        1.1073524497207632     
   1.3873360705422915        1.1812601467306145     
   1.6009043343838965        1.2557340104048360     
   1.8297099703245117        1.3262442812136153     
   2.0727006275624023        1.3887377348722840     
   2.3280874592429592        1.4400270840467988     
   2.5934229512863931        1.4779126108465168     
   2.8657173339723556        1.5010760618042889     
   3.1415926535897931        1.5088614025453084     
 alknob=   0.0000000000000000     
 epsknob=   1.0000000000000001E-005
 bpknob=   1.0000000000000000E-008
 extrknob=   0.0000000000000000     
 thetamax=   0.0000000000000000     
 deltaw,widthw=   0.0000000000000000        1.0000000000000000     
 tension=   1.0000000000000000     
 ntheta,nlambda=          32          17
#gg4init - input grid - thetain bmagin 
    1  -3.14159265358979312       1.50886140254530843    
    2  -2.86571733397235606       1.50107606180428887    
    3  -2.59342295128639400       1.47791261084651682    
    4  -2.32808745924296012       1.44002708404679880    
    5  -2.07270062756240314       1.38873773487228402    
    6  -1.82970997032451277       1.32624428121361526    
    7  -1.60090433438389734       1.25573401040483601    
    8  -1.38733607054229258       1.18126014673061452    
    9  -1.18928207962634236       1.10735244972076319    
   10  -1.00624982014153730       1.03841755635965405    
   11 -0.837042527453498497      0.978062965128471795    
   12 -0.679897798613398052      0.928525227874338444    
   13 -0.532694397622579974      0.890415920802761107    
   14 -0.393186957520918590      0.862964419151604156    
   15 -0.259202724602253465      0.844715674008680306    
   16 -0.128746054154561751      0.834312106487156924    
   17 -0.444089209850062616E-15  0.830929633045095595    
   18  0.128746054154560419      0.834312106487156924    
   19  0.259202724602251688      0.844715674008680306    
   20  0.393186957520916813      0.862964419151604156    
   21  0.532694397622579530      0.890415920802761107    
   22  0.679897798613397164      0.928525227874338444    
   23  0.837042527453497165      0.978062965128471795    
   24   1.00624982014153552       1.03841755635965405    
   25   1.18928207962634058       1.10735244972076319    
   26   1.38733607054229147       1.18126014673061452    
   27   1.60090433438389645       1.25573401040483601    
   28   1.82970997032451166       1.32624428121361526    
   29   2.07270062756240225       1.38873773487228402    
   30   2.32808745924295923       1.44002708404679880    
   31   2.59342295128639311       1.47791261084651682    
   32   2.86571733397235562       1.50107606180428887    
   33   3.14159265358979312       1.50886140254530843    
#gg4start - starting grid - thetastart thetastart
    1  -3.14159265358979312      -3.14159265358979312    
    2 -0.444089209850062616E-15 -0.444089209850062616E-15
    3  -3.04963421371731425      -3.04963421371731425    
    4  -2.95767577384483493      -2.95767577384483493    
    5  -2.86571733397235606      -2.86571733397235606    
    6  -2.77495253974370204      -2.77495253974370204    
    7  -2.68418774551504802      -2.68418774551504802    
    8  -2.59342295128639400      -2.59342295128639400    
    9  -2.50497778727191589      -2.50497778727191589    
   10  -2.41653262325743823      -2.41653262325743823    
   11  -2.32808745924296012      -2.32808745924296012    
   12  -2.24295851534944113      -2.24295851534944113    
   13  -2.15782957145592214      -2.15782957145592214    
   14  -2.07270062756240314      -2.07270062756240314    
   15  -1.99170374181643961      -1.99170374181643961    
   16  -1.91070685607047630      -1.91070685607047630    
   17  -1.82970997032451277      -1.82970997032451277    
   18  -1.75344142501097422      -1.75344142501097422    
   19  -1.67717287969743589      -1.67717287969743589    
   20  -1.60090433438389734      -1.60090433438389734    
   21  -1.52971491310336249      -1.52971491310336249    
   22  -1.45852549182282742      -1.45852549182282742    
   23  -1.38733607054229258      -1.38733607054229258    
   24  -1.32131807357030917      -1.32131807357030917    
   25  -1.25530007659832576      -1.25530007659832576    
   26  -1.18928207962634236      -1.18928207962634236    
   27  -1.12827132646474060      -1.12827132646474060    
   28  -1.06726057330313906      -1.06726057330313906    
   29  -1.00624982014153730      -1.00624982014153730    
   30 -0.949847389245524365     -0.949847389245524365    
   31 -0.893444958349511431     -0.893444958349511431    
   32 -0.837042527453498497     -0.837042527453498497    
   33 -0.784660951173465016     -0.784660951173465016    
   34 -0.732279374893431534     -0.732279374893431534    
   35 -0.679897798613398052     -0.679897798613398052    
   36 -0.630829998283125359     -0.630829998283125359    
   37 -0.581762197952852667     -0.581762197952852667    
   38 -0.532694397622579974     -0.532694397622579974    
   39 -0.486191917588692846     -0.486191917588692846    
   40 -0.439689437554805718     -0.439689437554805718    
   41 -0.393186957520918590     -0.393186957520918590    
   42 -0.348525546548030196     -0.348525546548030196    
   43 -0.303864135575141858     -0.303864135575141858    
   44 -0.259202724602253465     -0.259202724602253465    
   45 -0.215717167786356218     -0.215717167786356218    
   46 -0.172231610970458970     -0.172231610970458970    
   47 -0.128746054154561751     -0.128746054154561751    
   48 -0.858307027697079727E-01 -0.858307027697079727E-01
   49 -0.429153513848542084E-01 -0.429153513848542084E-01
   50  0.429153513848531745E-01  0.429153513848531745E-01
   51  0.858307027697067931E-01  0.858307027697067931E-01
   52  0.128746054154560419      0.128746054154560419    
   53  0.172231610970457499      0.172231610970457499    
   54  0.215717167786354580      0.215717167786354580    
   55  0.259202724602251688      0.259202724602251688    
   56  0.303864135575140082      0.303864135575140082    
   57  0.348525546548028420      0.348525546548028420    
   58  0.393186957520916813      0.393186957520916813    
   59  0.439689437554804385      0.439689437554804385    
   60  0.486191917588691958      0.486191917588691958    
   61  0.532694397622579530      0.532694397622579530    
   62  0.581762197952852111      0.581762197952852111    
   63  0.630829998283124582      0.630829998283124582    
   64  0.679897798613397164      0.679897798613397164    
   65  0.732279374893430535      0.732279374893430535    
   66  0.784660951173463794      0.784660951173463794    
   67  0.837042527453497165      0.837042527453497165    
   68  0.893444958349509988      0.893444958349509988    
   69  0.949847389245522700      0.949847389245522700    
   70   1.00624982014153552       1.00624982014153552    
   71   1.06726057330313728       1.06726057330313728    
   72   1.12827132646473882       1.12827132646473882    
   73   1.18928207962634058       1.18928207962634058    
   74   1.25530007659832421       1.25530007659832421    
   75   1.32131807357030784       1.32131807357030784    
   76   1.38733607054229147       1.38733607054229147    
   77   1.45852549182282654       1.45852549182282654    
   78   1.52971491310336138       1.52971491310336138    
   79   1.60090433438389645       1.60090433438389645    
   80   1.67717287969743478       1.67717287969743478    
   81   1.75344142501097333       1.75344142501097333    
   82   1.82970997032451166       1.82970997032451166    
   83   1.91070685607047519       1.91070685607047519    
   84   1.99170374181643872       1.99170374181643872    
   85   2.07270062756240225       2.07270062756240225    
   86   2.15782957145592125       2.15782957145592125    
   87   2.24295851534944024       2.24295851534944024    
   88   2.32808745924295923       2.32808745924295923    
   89   2.41653262325743734       2.41653262325743734    
   90   2.50497778727191500       2.50497778727191500    
   91   2.59342295128639311       2.59342295128639311    
   92   2.68418774551504713       2.68418774551504713    
   93   2.77495253974370160       2.77495253974370160    
   94   2.86571733397235562       2.86571733397235562    
   95   2.95767577384483493       2.95767577384483493    
   96   3.04963421371731380       3.04963421371731380    
#gg4start - starting field - bmagstart bmagstart
    1   1.50886140254530843       1.50886140254530843    
    2  0.830929633045095595      0.830929633045095595    
    3   1.50793866490732986       1.50793866490732986    
    4   1.50534629053306057       1.50534629053306057    
    5   1.50107606180428887       1.50107606180428887    
    6   1.49502682917145058       1.49502682917145058    
    7   1.48731251061250691       1.48731251061250691    
    8   1.47791261084651682       1.47791261084651682    
    9   1.46693874030837712       1.46693874030837712    
   10   1.45431729567670387       1.45431729567670387    
   11   1.44002708404679880       1.44002708404679880    
   12   1.42451772010617383       1.42451772010617383    
   13   1.40742313714586631       1.40742313714586631    
   14   1.38873773487228402       1.38873773487228402    
   15   1.36933976359108400       1.36933976359108400    
   16   1.34849972209415436       1.34849972209415436    
   17   1.32624428121361526       1.32624428121361526    
   18   1.30390960282277946       1.30390960282277946    
   19   1.28038251078337151       1.28038251078337151    
   20   1.25573401040483579       1.25573401040483579    
   21   1.23170335972470979       1.23170335972470979    
   22   1.20683924403226372       1.20683924403226372    
   23   1.18126014673061452       1.18126014673061452    
   24   1.15696349527746034       1.15696349527746034    
   25   1.13227513577931438       1.13227513577931438    
   26   1.10735244972076319       1.10735244972076319    
   27   1.08423718432844951       1.08423718432844951    
   28   1.06120062151446470       1.06120062151446470    
   29   1.03841755635965405       1.03841755635965405    
   30   1.01774131499636322       1.01774131499636322    
   31  0.997569790884379692      0.997569790884379692    
   32  0.978062965128471795      0.978062965128471795    
   33  0.960700557283073908      0.960700557283073908    
   34  0.944150532359897543      0.944150532359897543    
   35  0.928525227874338555      0.928525227874338555    
   36  0.914848572293431306      0.914848572293431306    
   37  0.902128908876688285      0.902128908876688285    
   38  0.890415920802761107      0.890415920802761107    
   39  0.880311976063519741      0.880311976063519741    
   40  0.871160944012855709      0.871160944012855709    
   41  0.862964419151604156      0.862964419151604156    
   42  0.856015724437165559      0.856015724437165559    
   43  0.849937845421742999      0.849937845421742999    
   44  0.844715674008680306      0.844715674008680306    
   45  0.840461399026700251      0.840461399026700251    
   46  0.836996934972975115      0.836996934972975115    
   47  0.834312106487156924      0.834312106487156924    
   48  0.832437180642248586      0.832437180642248586    
   49  0.831310540132207398      0.831310540132207398    
   50   0.00000000000000000       0.00000000000000000    
   51   0.00000000000000000       0.00000000000000000    
   52   0.00000000000000000       0.00000000000000000    
   53   0.00000000000000000       0.00000000000000000    
   54   0.00000000000000000       0.00000000000000000    
   55   0.00000000000000000       0.00000000000000000    
   56   0.00000000000000000       0.00000000000000000    
   57   0.00000000000000000       0.00000000000000000    
   58   0.00000000000000000       0.00000000000000000    
   59   0.00000000000000000       0.00000000000000000    
   60   0.00000000000000000       0.00000000000000000    
   61   0.00000000000000000       0.00000000000000000    
   62   0.00000000000000000       0.00000000000000000    
   63   0.00000000000000000       0.00000000000000000    
   64   0.00000000000000000       0.00000000000000000    
   65   0.00000000000000000       0.00000000000000000    
   66   0.00000000000000000       0.00000000000000000    
   67   0.00000000000000000       0.00000000000000000    
   68   0.00000000000000000       0.00000000000000000    
   69   0.00000000000000000       0.00000000000000000    
   70   0.00000000000000000       0.00000000000000000    
   71   0.00000000000000000       0.00000000000000000    
   72   0.00000000000000000       0.00000000000000000    
   73   0.00000000000000000       0.00000000000000000    
   74   0.00000000000000000       0.00000000000000000    
   75   0.00000000000000000       0.00000000000000000    
   76   0.00000000000000000       0.00000000000000000    
   77   0.00000000000000000       0.00000000000000000    
   78   0.00000000000000000       0.00000000000000000    
   79   0.00000000000000000       0.00000000000000000    
   80   0.00000000000000000       0.00000000000000000    
   81   0.00000000000000000       0.00000000000000000    
   82   0.00000000000000000       0.00000000000000000    
   83   0.00000000000000000       0.00000000000000000    
   84   0.00000000000000000       0.00000000000000000    
   85   0.00000000000000000       0.00000000000000000    
   86   0.00000000000000000       0.00000000000000000    
   87   0.00000000000000000       0.00000000000000000    
   88   0.00000000000000000       0.00000000000000000    
   89   0.00000000000000000       0.00000000000000000    
   90   0.00000000000000000       0.00000000000000000    
   91   0.00000000000000000       0.00000000000000000    
   92   0.00000000000000000       0.00000000000000000    
   93   0.00000000000000000       0.00000000000000000    
   94   0.00000000000000000       0.00000000000000000    
   95   0.00000000000000000       0.00000000000000000    
   96   0.00000000000000000       0.00000000000000000    
#gg4start - essentialstart
           1 T
           2 T
           3 F
           4 F
           5 F
           6 F
           7 F
           8 F
           9 F
          10 F
          11 F
          12 F
          13 F
          14 F
          15 F
          16 F
          17 F
          18 F
          19 F
          20 F
          21 F
          22 F
          23 F
          24 F
          25 F
          26 F
          27 F
          28 F
          29 F
          30 F
          31 F
          32 F
          33 F
          34 F
          35 F
          36 F
          37 F
          38 F
          39 F
          40 F
          41 F
          42 F
          43 F
          44 F
          45 F
          46 F
          47 F
          48 F
          49 F
          50 F
          51 F
          52 F
          53 F
          54 F
          55 F
          56 F
          57 F
          58 F
          59 F
          60 F
          61 F
          62 F
          63 F
          64 F
          65 F
          66 F
          67 F
          68 F
          69 F
          70 F
          71 F
          72 F
          73 F
          74 F
          75 F
          76 F
          77 F
          78 F
          79 F
          80 F
          81 F
          82 F
          83 F
          84 F
          85 F
          86 F
          87 F
          88 F
          89 F
          90 F
          91 F
          92 F
          93 F
          94 F
          95 F
          96 F
# gg4collect - bmagset bmagset
    1   1.50886140254530843       1.50886140254530843    
    2  0.830929633045095595      0.830929633045095595    
    3   1.50793866490732986       1.50793866490732986    
    4   1.50534629053306057       1.50534629053306057    
    5   1.50107606180428887       1.50107606180428887    
    6   1.49502682917145058       1.49502682917145058    
    7   1.48731251061250691       1.48731251061250691    
    8   1.47791261084651682       1.47791261084651682    
    9   1.46693874030837712       1.46693874030837712    
   10   1.45431729567670387       1.45431729567670387    
   11   1.44002708404679880       1.44002708404679880    
   12   1.42451772010617383       1.42451772010617383    
   13   1.40742313714586631       1.40742313714586631    
   14   1.38873773487228402       1.38873773487228402    
   15   1.36933976359108400       1.36933976359108400    
   16   1.34849972209415436       1.34849972209415436    
   17   1.32624428121361526       1.32624428121361526    
   18   1.30390960282277946       1.30390960282277946    
   19   1.28038251078337151       1.28038251078337151    
   20   1.25573401040483579       1.25573401040483579    
   21   1.23170335972470979       1.23170335972470979    
   22   1.20683924403226372       1.20683924403226372    
   23   1.18126014673061452       1.18126014673061452    
   24   1.15696349527746034       1.15696349527746034    
   25   1.13227513577931438       1.13227513577931438    
   26   1.10735244972076319       1.10735244972076319    
   27   1.08423718432844951       1.08423718432844951    
   28   1.06120062151446470       1.06120062151446470    
   29   1.03841755635965405       1.03841755635965405    
   30   1.01774131499636322       1.01774131499636322    
   31  0.997569790884379692      0.997569790884379692    
   32  0.978062965128471795      0.978062965128471795    
   33  0.960700557283073908      0.960700557283073908    
   34  0.944150532359897543      0.944150532359897543    
   35  0.928525227874338555      0.928525227874338555    
   36  0.914848572293431306      0.914848572293431306    
   37  0.902128908876688285      0.902128908876688285    
   38  0.890415920802761107      0.890415920802761107    
   39  0.880311976063519741      0.880311976063519741    
   40  0.871160944012855709      0.871160944012855709    
   41  0.862964419151604156      0.862964419151604156    
   42  0.856015724437165559      0.856015724437165559    
   43  0.849937845421742999      0.849937845421742999    
   44  0.844715674008680306      0.844715674008680306    
   45  0.840461399026700251      0.840461399026700251    
   46  0.836996934972975115      0.836996934972975115    
   47  0.834312106487156924      0.834312106487156924    
   48  0.832437180642248586      0.832437180642248586    
   49  0.831310540132207398      0.831310540132207398    
   50   0.00000000000000000       0.00000000000000000    
   51   0.00000000000000000       0.00000000000000000    
   52   0.00000000000000000       0.00000000000000000    
   53   0.00000000000000000       0.00000000000000000    
   54   0.00000000000000000       0.00000000000000000    
   55   0.00000000000000000       0.00000000000000000    
   56   0.00000000000000000       0.00000000000000000    
   57   0.00000000000000000       0.00000000000000000    
   58   0.00000000000000000       0.00000000000000000    
   59   0.00000000000000000       0.00000000000000000    
   60   0.00000000000000000       0.00000000000000000    
   61   0.00000000000000000       0.00000000000000000    
   62   0.00000000000000000       0.00000000000000000    
   63   0.00000000000000000       0.00000000000000000    
   64   0.00000000000000000       0.00000000000000000    
   65   0.00000000000000000       0.00000000000000000    
   66   0.00000000000000000       0.00000000000000000    
   67   0.00000000000000000       0.00000000000000000    
   68   0.00000000000000000       0.00000000000000000    
   69   0.00000000000000000       0.00000000000000000    
   70   0.00000000000000000       0.00000000000000000    
   71   0.00000000000000000       0.00000000000000000    
   72   0.00000000000000000       0.00000000000000000    
   73   0.00000000000000000       0.00000000000000000    
   74   0.00000000000000000       0.00000000000000000    
   75   0.00000000000000000       0.00000000000000000    
   76   0.00000000000000000       0.00000000000000000    
   77   0.00000000000000000       0.00000000000000000    
   78   0.00000000000000000       0.00000000000000000    
   79   0.00000000000000000       0.00000000000000000    
   80   0.00000000000000000       0.00000000000000000    
   81   0.00000000000000000       0.00000000000000000    
   82   0.00000000000000000       0.00000000000000000    
   83   0.00000000000000000       0.00000000000000000    
   84   0.00000000000000000       0.00000000000000000    
   85   0.00000000000000000       0.00000000000000000    
   86   0.00000000000000000       0.00000000000000000    
   87   0.00000000000000000       0.00000000000000000    
   88   0.00000000000000000       0.00000000000000000    
   89   0.00000000000000000       0.00000000000000000    
   90   0.00000000000000000       0.00000000000000000    
   91   0.00000000000000000       0.00000000000000000    
   92   0.00000000000000000       0.00000000000000000    
   93   0.00000000000000000       0.00000000000000000    
   94   0.00000000000000000       0.00000000000000000    
   95   0.00000000000000000       0.00000000000000000    
   96   0.00000000000000000       0.00000000000000000    
# gg4collect - thetasetset ibmagsetset icollsetset
    1  -3.14159265358979312        1          2
    2 -0.444089209850062616E-15    2          2
    3  -3.04963421371731425        3          2
    4   3.04963421371732579        3       3222
    5  -2.95767577384483493        4          2
    6   2.95767577384484559        4       3222
    7  -2.86571733397235606        5          2
    8   2.86571733397235562        5        331
    9  -2.77495253974370204        6          2
   10   2.77495253974370293        6       3222
   11  -2.68418774551504802        7          2
   12   2.68418774551504935        7       3222
   13  -2.59342295128639400        8          2
   14   2.59342295128639311        8        331
   15  -2.50497778727191589        9          2
   16   2.50497778727191545        9       3222
   17  -2.41653262325743823       10          2
   18   2.41653262325743690       10       3222
   19  -2.32808745924296012       11          2
   20   2.32808745924295923       11        331
   21  -2.24295851534944113       12          2
   22   2.24295851534944024       12       3222
   23  -2.15782957145592214       13          2
   24   2.15782957145592125       13       3222
   25  -2.07270062756240314       14          2
   26   2.07270062756240225       14        331
   27  -1.99170374181643961       15          2
   28   1.99170374181643872       15       3222
   29  -1.91070685607047630       16          2
   30   1.91070685607047475       16       3222
   31  -1.82970997032451277       17          2
   32   1.82970997032451166       17        331
   33  -1.75344142501097422       18          2
   34   1.75344142501097267       18       3222
   35  -1.67717287969743589       19          2
   36   1.67717287969743434       19       3222
   37  -1.60090433438389734       20          2
   38   1.60090433438389557       20       3222
   39  -1.52971491310336249       21          2
   40   1.52971491310336138       21       3222
   41  -1.45852549182282742       22          2
   42   1.45852549182282654       22       3222
   43  -1.38733607054229258       23          2
   44   1.38733607054229147       23        331
   45  -1.32131807357030917       24          2
   46   1.32131807357030739       24       3222
   47  -1.25530007659832576       25          2
   48   1.25530007659832465       25       3222
   49  -1.18928207962634236       26          2
   50   1.18928207962634058       26        331
   51  -1.12827132646474060       27          2
   52   1.12827132646473860       27       3222
   53  -1.06726057330313906       28          2
   54   1.06726057330313751       28       3222
   55  -1.00624982014153730       29          2
   56   1.00624982014153552       29        331
   57 -0.949847389245524365       30          2
   58  0.949847389245522811       30       3222
   59 -0.893444958349511431       31          2
   60  0.893444958349509655       31       3222
   61 -0.837042527453498497       32          2
   62  0.837042527453497165       32        331
   63 -0.784660951173465016       33          2
   64  0.784660951173464238       33       3222
   65 -0.732279374893431534       34          2
   66  0.732279374893430757       34       3222
   67 -0.679897798613398052       35          2
   68  0.679897798613397386       35       3222
   69 -0.630829998283125359       36          2
   70  0.630829998283124138       36       3222
   71 -0.581762197952852667       37          2
   72  0.581762197952852556       37       3222
   73 -0.532694397622579974       38          2
   74  0.532694397622579530       38        331
   75 -0.486191917588692846       39          2
   76  0.486191917588692513       39       3222
   77 -0.439689437554805718       40          2
   78  0.439689437554804829       40       3222
   79 -0.393186957520918590       41          2
   80  0.393186957520916813       41        331
   81 -0.348525546548030196       42          2
   82  0.348525546548028031       42       3222
   83 -0.303864135575141858       43          2
   84  0.303864135575139971       43       3222
   85 -0.259202724602253465       44          2
   86  0.259202724602251688       44        331
   87 -0.215717167786356218       45          2
   88  0.215717167786354275       45       3222
   89 -0.172231610970458970       46          2
   90  0.172231610970455057       46       3222
   91 -0.128746054154561751       47          2
   92  0.128746054154560419       47        331
   93 -0.858307027697079727E-01   48          2
   94  0.858307027697055580E-01   48       3222
   95 -0.429153513848542084E-01   49          2
   96  0.429153513848434115E-01   49       3222
#gg4sort - thetasetset ithetasort ithetasort
    1  -3.14159265358979312        1          1
    2 -0.444089209850062616E-15    3          3
    3  -3.04963421371731425        5          5
    4   3.04963421371732579        7          7
    5  -2.95767577384483493        9          9
    6   2.95767577384484559       11         11
    7  -2.86571733397235606       13         13
    8   2.86571733397235562       15         15
    9  -2.77495253974370204       17         17
   10   2.77495253974370293       19         19
   11  -2.68418774551504802       21         21
   12   2.68418774551504935       23         23
   13  -2.59342295128639400       25         25
   14   2.59342295128639311       27         27
   15  -2.50497778727191589       29         29
   16   2.50497778727191545       31         31
   17  -2.41653262325743823       33         33
   18   2.41653262325743690       35         35
   19  -2.32808745924296012       37         37
   20   2.32808745924295923       39         39
   21  -2.24295851534944113       41         41
   22   2.24295851534944024       43         43
   23  -2.15782957145592214       45         45
   24   2.15782957145592125       47         47
   25  -2.07270062756240314       49         49
   26   2.07270062756240225       51         51
   27  -1.99170374181643961       53         53
   28   1.99170374181643872       55         55
   29  -1.91070685607047630       57         57
   30   1.91070685607047475       59         59
   31  -1.82970997032451277       61         61
   32   1.82970997032451166       63         63
   33  -1.75344142501097422       65         65
   34   1.75344142501097267       67         67
   35  -1.67717287969743589       69         69
   36   1.67717287969743434       71         71
   37  -1.60090433438389734       73         73
   38   1.60090433438389557       75         75
   39  -1.52971491310336249       77         77
   40   1.52971491310336138       79         79
   41  -1.45852549182282742       81         81
   42   1.45852549182282654       83         83
   43  -1.38733607054229258       85         85
   44   1.38733607054229147       87         87
   45  -1.32131807357030917       89         89
   46   1.32131807357030739       91         91
   47  -1.25530007659832576       93         93
   48   1.25530007659832465       95         95
   49  -1.18928207962634236        2          2
   50   1.18928207962634058       96         96
   51  -1.12827132646474060       94         94
   52   1.12827132646473860       92         92
   53  -1.06726057330313906       90         90
   54   1.06726057330313751       88         88
   55  -1.00624982014153730       86         86
   56   1.00624982014153552       84         84
   57 -0.949847389245524365       82         82
   58  0.949847389245522811       80         80
   59 -0.893444958349511431       78         78
   60  0.893444958349509655       76         76
   61 -0.837042527453498497       74         74
   62  0.837042527453497165       72         72
   63 -0.784660951173465016       70         70
   64  0.784660951173464238       68         68
   65 -0.732279374893431534       66         66
   66  0.732279374893430757       64         64
   67 -0.679897798613398052       62         62
   68  0.679897798613397386       60         60
   69 -0.630829998283125359       58         58
   70  0.630829998283124138       56         56
   71 -0.581762197952852667       54         54
   72  0.581762197952852556       52         52
   73 -0.532694397622579974       50         50
   74  0.532694397622579530       48         48
   75 -0.486191917588692846       46         46
   76  0.486191917588692513       44         44
   77 -0.439689437554805718       42         42
   78  0.439689437554804829       40         40
   79 -0.393186957520918590       38         38
   80  0.393186957520916813       36         36
   81 -0.348525546548030196       34         34
   82  0.348525546548028031       32         32
   83 -0.303864135575141858       30         30
   84  0.303864135575139971       28         28
   85 -0.259202724602253465       26         26
   86  0.259202724602251688       24         24
   87 -0.215717167786356218       22         22
   88  0.215717167786354275       20         20
   89 -0.172231610970458970       18         18
   90  0.172231610970455057       16         16
   91 -0.128746054154561751       14         14
   92  0.128746054154560419       12         12
   93 -0.858307027697079727E-01   10         10
   94  0.858307027697055580E-01    8          8
   95 -0.429153513848542084E-01    6          6
   96  0.429153513848434115E-01    4          4
#gg4sort - bmagset ibmagsort ibmagsort
    1   1.50886140254530843       96         96
    2  0.830929633045095595       61         61
    3   1.50793866490732986       70         70
    4   1.50534629053306057       69         69
    5   1.50107606180428887       68         68
    6   1.49502682917145058       67         67
    7   1.48731251061250691       66         66
    8   1.47791261084651682       65         65
    9   1.46693874030837712       64         64
   10   1.45431729567670387       63         63
   11   1.44002708404679880       62         62
   12   1.42451772010617383       60         60
   13   1.40742313714586631       72         72
   14   1.38873773487228402       59         59
   15   1.36933976359108400       58         58
   16   1.34849972209415436       57         57
   17   1.32624428121361526       56         56
   18   1.30390960282277946       55         55
   19   1.28038251078337151       54         54
   20   1.25573401040483579       53         53
   21   1.23170335972470979       52         52
   22   1.20683924403226372       51         51
   23   1.18126014673061452       71         71
   24   1.15696349527746034       73         73
   25   1.13227513577931438       50         50
   26   1.10735244972076319       74         74
   27   1.08423718432844951       86         86
   28   1.06120062151446470       95         95
   29   1.03841755635965405       94         94
   30   1.01774131499636322       93         93
   31  0.997569790884379692       92         92
   32  0.978062965128471795       91         91
   33  0.960700557283073908       90         90
   34  0.944150532359897543       89         89
   35  0.928525227874338555       88         88
   36  0.914848572293431306       87         87
   37  0.902128908876688285       85         85
   38  0.890415920802761107       75         75
   39  0.880311976063519741       84         84
   40  0.871160944012855709       83         83
   41  0.862964419151604156       82         82
   42  0.856015724437165559       81         81
   43  0.849937845421742999       80         80
   44  0.844715674008680306       79         79
   45  0.840461399026700251       78         78
   46  0.836996934972975115       77         77
   47  0.834312106487156924       76         76
   48  0.832437180642248586        2          2
   49  0.831310540132207398       49         49
   50   0.00000000000000000       48         48
   51   0.00000000000000000       47         47
   52   0.00000000000000000       46         46
   53   0.00000000000000000       45         45
   54   0.00000000000000000       44         44
   55   0.00000000000000000       43         43
   56   0.00000000000000000       42         42
   57   0.00000000000000000       41         41
   58   0.00000000000000000       40         40
   59   0.00000000000000000       39         39
   60   0.00000000000000000       38         38
   61   0.00000000000000000       37         37
   62   0.00000000000000000       36         36
   63   0.00000000000000000       35         35
   64   0.00000000000000000       34         34
   65   0.00000000000000000       33         33
   66   0.00000000000000000       32         32
   67   0.00000000000000000       31         31
   68   0.00000000000000000       30         30
   69   0.00000000000000000       29         29
   70   0.00000000000000000       28         28
   71   0.00000000000000000       27         27
   72   0.00000000000000000       26         26
   73   0.00000000000000000       25         25
   74   0.00000000000000000       24         24
   75   0.00000000000000000       23         23
   76   0.00000000000000000       22         22
   77   0.00000000000000000       21         21
   78   0.00000000000000000       20         20
   79   0.00000000000000000       19         19
   80   0.00000000000000000       18         18
   81   0.00000000000000000       17         17
   82   0.00000000000000000       16         16
   83   0.00000000000000000       15         15
   84   0.00000000000000000       14         14
   85   0.00000000000000000       13         13
   86   0.00000000000000000       12         12
   87   0.00000000000000000       11         11
   88   0.00000000000000000       10         10
   89   0.00000000000000000        9          9
   90   0.00000000000000000        8          8
   91   0.00000000000000000        7          7
   92   0.00000000000000000        6          6
   93   0.00000000000000000        5          5
   94   0.00000000000000000        4          4
   95   0.00000000000000000        3          3
   96   0.00000000000000000        1          1
#gg4metrics - thetares alambdares
    1  0.200000000000000000E+21  0.809935218030062012E-03
    2  0.100000000000000000E+21  0.635061373924260286E-03
    3  0.459792199362395460E-01  0.646558890226399310E-03
    4  0.459792199362410448E-01  0.176504975184769313E-02
    5  0.456788591427523816E-01  0.167607646272050674E-02
    6  0.453823971143267890E-01  0.258748219154336049E-02
    7  0.453823971143272262E-01  0.381836256817427808E-02
    8  0.447949834428430504E-01  0.303436501839316050E-02
    9  0.442225820072389975E-01  0.408279458291101443E-02
   10  0.442225820072389975E-01  0.556204303178237276E-02
   11  0.433776874661078796E-01  0.425289342225910593E-02
   12  0.425644719467594967E-01  0.507648664890734350E-02
   13  0.425644719467594967E-01  0.724863095921977289E-02
   14  0.415057631747058897E-01  0.544038269008026432E-02
   15  0.404984428729817936E-01  0.688070898626731969E-02
   16  0.404984428729817381E-01  0.895987568579922032E-02
   17  0.392808172091820701E-01  0.663570426050825134E-02
   18  0.381342726567692747E-01  0.831150655552106120E-02
   19  0.381342726567692469E-01  0.107166578465763274E-01
   20  0.368207546068065050E-01  0.783734200588278446E-02
   21  0.355947106402673685E-01  0.976865257079300060E-02
   22  0.355947106402674796E-01  0.124919613009467755E-01
   23  0.342531260947281785E-01  0.900403506985602425E-02
   24  0.330089984859917029E-01  0.112034194421680080E-01
   25  0.330089984859917029E-01  0.142077663062273509E-01
   26  0.317078434074598708E-01  0.100492520629750694E-01
   27  0.305053765808007971E-01  0.125191873773492345E-01
   28  0.305053765808007971E-01  0.157329953643723895E-01
   29  0.293080782769877812E-01  0.108415066355621020E-01
   30  0.282012154480064670E-01  0.135760688685487400E-01
   31  0.282012154480064392E-01  0.169011599349008640E-01
   32  0.271588472704226390E-01  0.112267856363857475E-01
   33  0.261907881400166714E-01  0.142251535810268993E-01
   34  0.261907881400167269E-01  0.175676487166724765E-01
   35  0.253352835845077791E-01  0.110824095289295665E-01
   36  0.245339001651362770E-01  0.117653581649259271E-01
   37  0.245339001651362527E-01  0.176991132567444059E-01
   38  0.238753553559832993E-01  0.103716347843343121E-01
   39  0.232512400169436195E-01  0.109525500577331569E-01
   40  0.232512400169437444E-01  0.174254603163827362E-01
   41  0.227816775821649241E-01  0.911188678764092777E-02
   42  0.223307054864441967E-01  0.134676509658201715E-01
   43  0.223307054864441377E-01  0.169583932203772568E-01
   44  0.220328205616025716E-01  0.715617640525946248E-02
   45  0.217427784079488907E-01  0.754261869272828539E-02
   46  0.217427784079485403E-01  0.163256914620904213E-01
   47  0.215992862781506714E-01  0.354847017697383117E-02
   48  0.214576756924280687E-01  0.105667499570023023E-01
   49  0.214576756924266913E-01  0.106385920088387237E-01
   50   0.00000000000000000       0.00000000000000000    
   51   0.00000000000000000       0.00000000000000000    
   52   0.00000000000000000       0.00000000000000000    
   53   0.00000000000000000       0.00000000000000000    
   54   0.00000000000000000       0.00000000000000000    
   55   0.00000000000000000       0.00000000000000000    
   56   0.00000000000000000       0.00000000000000000    
   57   0.00000000000000000       0.00000000000000000    
   58   0.00000000000000000       0.00000000000000000    
   59   0.00000000000000000       0.00000000000000000    
   60   0.00000000000000000       0.00000000000000000    
   61   0.00000000000000000       0.00000000000000000    
   62   0.00000000000000000       0.00000000000000000    
   63   0.00000000000000000       0.00000000000000000    
   64   0.00000000000000000       0.00000000000000000    
   65   0.00000000000000000       0.00000000000000000    
   66   0.00000000000000000       0.00000000000000000    
   67   0.00000000000000000       0.00000000000000000    
   68   0.00000000000000000       0.00000000000000000    
   69   0.00000000000000000       0.00000000000000000    
   70   0.00000000000000000       0.00000000000000000    
   71   0.00000000000000000       0.00000000000000000    
   72   0.00000000000000000       0.00000000000000000    
   73   0.00000000000000000       0.00000000000000000    
   74   0.00000000000000000       0.00000000000000000    
   75   0.00000000000000000       0.00000000000000000    
   76   0.00000000000000000       0.00000000000000000    
   77   0.00000000000000000       0.00000000000000000    
   78   0.00000000000000000       0.00000000000000000    
   79   0.00000000000000000       0.00000000000000000    
   80   0.00000000000000000       0.00000000000000000    
   81   0.00000000000000000       0.00000000000000000    
   82   0.00000000000000000       0.00000000000000000    
   83   0.00000000000000000       0.00000000000000000    
   84   0.00000000000000000       0.00000000000000000    
   85   0.00000000000000000       0.00000000000000000    
   86   0.00000000000000000       0.00000000000000000    
   87   0.00000000000000000       0.00000000000000000    
   88   0.00000000000000000       0.00000000000000000    
   89   0.00000000000000000       0.00000000000000000    
   90   0.00000000000000000       0.00000000000000000    
   91   0.00000000000000000       0.00000000000000000    
   92   0.00000000000000000       0.00000000000000000    
   93   0.00000000000000000       0.00000000000000000    
   94   0.00000000000000000       0.00000000000000000    
   95   0.00000000000000000       0.00000000000000000    
   96   0.00000000000000000       0.00000000000000000    
#gg4results - output grid - thetagrid thetagrid
    1  -3.14159265358979312       1.50886140254530843    
    2  -2.86571733397235606       1.50107606180428887    
    3  -2.59342295128639400       1.47791261084651682    
    4  -2.32808745924296012       1.44002708404679880    
    5  -2.07270062756240314       1.38873773487228402    
    6  -1.82970997032451277       1.32624428121361526    
    7  -1.60090433438389734       1.25573401040483579    
    8  -1.38733607054229258       1.18126014673061452    
    9  -1.18928207962634236       1.10735244972076319    
   10  -1.00624982014153730       1.03841755635965405    
   11 -0.837042527453498497      0.978062965128471795    
   12 -0.679897798613398052      0.928525227874338555    
   13 -0.532694397622579974      0.890415920802761107    
   14 -0.393186957520918590      0.862964419151604156    
   15 -0.259202724602253465      0.844715674008680306    
   16 -0.128746054154561751      0.834312106487156924    
   17 -0.444089209850062616E-15  0.830929633045095595    
   18  0.128746054154560419      0.834312106487156924    
   19  0.259202724602251688      0.844715674008680306    
   20  0.393186957520916813      0.862964419151604156    
   21  0.532694397622579530      0.890415920802761107    
   22  0.679897798613397386      0.928525227874338555    
   23  0.837042527453497165      0.978062965128471795    
   24   1.00624982014153552       1.03841755635965405    
   25   1.18928207962634058       1.10735244972076319    
   26   1.38733607054229147       1.18126014673061452    
   27   1.60090433438389557       1.25573401040483579    
   28   1.82970997032451166       1.32624428121361526    
   29   2.07270062756240225       1.38873773487228402    
   30   2.32808745924295923       1.44002708404679880    
   31   2.59342295128639311       1.47791261084651682    
   32   2.86571733397235562       1.50107606180428887    
   33   3.14159265358979312       1.50886140254530843    
#gg4results - output 1/lambda - bset bset
    1   1.50886140254530843       1.50886140254530843    
    2   1.50107606180428887       1.50107606180428887    
    3   1.47791261084651682       1.47791261084651682    
    4   1.44002708404679880       1.44002708404679880    
    5   1.38873773487228402       1.38873773487228402    
    6   1.32624428121361526       1.32624428121361526    
    7   1.25573401040483579       1.25573401040483579    
    8   1.18126014673061452       1.18126014673061452    
    9   1.10735244972076319       1.10735244972076319    
   10   1.03841755635965405       1.03841755635965405    
   11  0.978062965128471795      0.978062965128471795    
   12  0.928525227874338555      0.928525227874338555    
   13  0.890415920802761107      0.890415920802761107    
   14  0.862964419151604156      0.862964419151604156    
   15  0.844715674008680306      0.844715674008680306    
   16  0.834312106487156924      0.834312106487156924    
   17  0.830929633045095595      0.830929633045095595    
