 All lengths normalized to the avg midplane minor radius
 avgrmid =    1.0000000000000000       meters
 rp of rho =   0.63676925245142346     
 Rcenter(rho) =    1.9625016348394586     
 R_geo =    1.9625016348394586       !or    1.9625016348394586     
 drhodrp=   1.0000000000000000     
 q=    3.4933206935065555     
 dpsidrp=   0.54185478729716741     

 Quantity, equilibrium value, value used
 d beta/d rho =    0.0000000000000000      ,  -0.50449999999999995     
 s_hat    1.2049768696748901      ,    1.2049768696748901     

 i,theta,grads1,2=  
         -48  -9.4247779607693793        44.527676982949160       -3.8011666375941076     
         -47  -9.2284284199200179        42.927137444008451       -3.8310787937009847     
         -46  -9.0320788790706548        40.325624504340993       -3.9262824788762454     
         -45  -8.8357293382212934        36.800505291442619       -4.1044655704432991     
         -44  -8.6393797973719302        32.408835414084479       -4.3984923929126314     
         -43  -8.4430302565225688        27.214244439715969       -4.8521770738569288     
         -42  -8.2466807156732074        21.452831126176960       -5.4519920278088287     
         -41  -8.0503311748238442        16.408970327546420       -5.8148253937076930     
         -40  -7.8539816339744828        14.955879059072153       -5.1252956225284496     
         -39  -7.6576320931251205        18.423844852886788       -3.7037513272596403     
         -38  -7.4612825522757582        25.808551856242744       -2.5396719273171069     
         -37  -7.2649330114263968        35.229700073358188       -1.8089148158540733     
         -36  -7.0685834705770345        45.134978444086968       -1.3693459856334262     
         -35  -6.8722339297276722        54.322109939765369       -1.1051043281002046     
         -34  -6.6758843888783108        61.810039743685223      -0.95000637998234871     
         -33  -6.4795348480289485        66.884200029394407      -0.86850551223620875     
         -32  -6.2831853071795862        69.131596158581971      -0.84310053095542903     
         -31  -6.0868357663302239        68.402856452343315      -0.86850551223620875     
         -30  -5.8904862254808616        64.779537587348585      -0.95000637998234871     
         -29  -5.6941366846315002        58.606838113023713       -1.1051043281002046     
         -28  -5.4977871437821380        50.528171477156278       -1.3693459856334262     
         -27  -5.3014376029327757        41.417149849285252       -1.8089148158540733     
         -26  -5.1050880620834143        32.199376642226504       -2.5396719273171082     
         -25  -4.9087385212340520        23.697318206530063       -3.7037513272596421     
         -24  -4.7123889803846897        17.008198308861875       -5.1252956225284514     
         -23  -4.5160394395353274        13.686357544492875       -5.8148253937076948     
         -22  -4.3196898986859651        13.172972883143284       -5.4519920278088287     
         -21  -4.1233403578366037        14.043204929064341       -4.8521770738569261     
         -20  -3.9269908169872414        15.170471579089373       -4.3984923929126296     
         -19  -3.7306412761378791        15.919936628201597       -4.1044655704432991     
         -18  -3.5342917352885173        16.096228662678236       -3.9262824788762454     
         -17  -3.3379421944391554        15.708118743499128       -3.8310787937009847     
         -16  -3.1415926535897931        14.842558994316377       -3.8011666375941076     
         -15  -2.9452431127404308        13.609509350254633       -3.8310787937009847     
         -14  -2.7488935718910690        12.114697920831357       -3.9262824788762454     
         -13  -2.5525440310417071        10.440284331620518       -4.1044655704432991     
         -12  -2.3561944901923448        8.6191819174975564       -4.3984923929126314     
         -11  -2.1598449493429825        6.5855197553258087       -4.8521770738569288     
         -10  -1.9634954084936207        4.1399291215168219       -5.4519920278088287     
          -9  -1.7671458676442586        1.3613063915267745       -5.8148253937076930     
          -8  -1.5707963267948966       -1.0261596248948655       -5.1252956225284496     
          -7  -1.3744467859455345       -2.6367366768216258       -3.7037513272596403     
          -6  -1.1780972450961724       -3.1954123929919023       -2.5396719273171069     
          -5 -0.98174770424681035       -3.0937248879635146       -1.8089148158540733     
          -4 -0.78539816339744828       -2.6965965165346164       -1.3693459856334262     
          -3 -0.58904862254808621       -2.1423640866291267       -1.1051043281002046     
          -2 -0.39269908169872414       -1.4847489218316776      -0.95000637998234871     
          -1 -0.19634954084936207      -0.75932821147441198      -0.86850551223620875     
           0   0.0000000000000000        0.0000000000000000      -0.84310053095542903     
           1  0.19634954084936207       0.75932821147441198      -0.86850551223620875     
           2  0.39269908169872414        1.4847489218316776      -0.95000637998234871     
           3  0.58904862254808621        2.1423640866291267       -1.1051043281002046     
           4  0.78539816339744828        2.6965965165346168       -1.3693459856334262     
           5  0.98174770424681035        3.0937248879635146       -1.8089148158540733     
           6   1.1780972450961724        3.1954123929919001       -2.5396719273171082     
           7   1.3744467859455345        2.6367366768216289       -3.7037513272596421     
           8   1.5707963267948966        1.0261596248948663       -5.1252956225284514     
           9   1.7671458676442586       -1.3613063915267674       -5.8148253937076948     
          10   1.9634954084936207       -4.1399291215168113       -5.4519920278088287     
          11   2.1598449493429825       -6.5855197553258051       -4.8521770738569261     
          12   2.3561944901923448       -8.6191819174975564       -4.3984923929126296     
          13   2.5525440310417071       -10.440284331620511       -4.1044655704432991     
          14   2.7488935718910690       -12.114697920831354       -3.9262824788762454     
          15   2.9452431127404308       -13.609509350254633       -3.8310787937009847     
          16   3.1415926535897931       -14.842558994316377       -3.8011666375941076     
          17   3.3379421944391554       -15.708118743499135       -3.8310787937009847     
          18   3.5342917352885173       -16.096228662678250       -3.9262824788762454     
          19   3.7306412761378791       -15.919936628201604       -4.1044655704432991     
          20   3.9269908169872414       -15.170471579089405       -4.3984923929126314     
          21   4.1233403578366037       -14.043204929064345       -4.8521770738569288     
          22   4.3196898986859651       -13.172972883143292       -5.4519920278088287     
          23   4.5160394395353274       -13.686357544492878       -5.8148253937076930     
          24   4.7123889803846897       -17.008198308861889       -5.1252956225284496     
          25   4.9087385212340520       -23.697318206530056       -3.7037513272596403     
          26   5.1050880620834143       -32.199376642226540       -2.5396719273171069     
          27   5.3014376029327757       -41.417149849285281       -1.8089148158540733     
          28   5.4977871437821380       -50.528171477156320       -1.3693459856334262     
          29   5.6941366846315002       -58.606838113023755       -1.1051043281002046     
          30   5.8904862254808616       -64.779537587348642      -0.95000637998234871     
          31   6.0868357663302239       -68.402856452343343      -0.86850551223620875     
          32   6.2831853071795862       -69.131596158582028      -0.84310053095542903     
          33   6.4795348480289485       -66.884200029394435      -0.86850551223620875     
          34   6.6758843888783108       -61.810039743685280      -0.95000637998234871     
          35   6.8722339297276722       -54.322109939765426       -1.1051043281002046     
          36   7.0685834705770345       -45.134978444087039       -1.3693459856334262     
          37   7.2649330114263968       -35.229700073358202       -1.8089148158540733     
          38   7.4612825522757582       -25.808551856242744       -2.5396719273171082     
          39   7.6576320931251205       -18.423844852886830       -3.7037513272596421     
          40   7.8539816339744828       -14.955879059072167       -5.1252956225284514     
          41   8.0503311748238442       -16.408970327546427       -5.8148253937076948     
          42   8.2466807156732074       -21.452831126176946       -5.4519920278088287     
          43   8.4430302565225688       -27.214244439715984       -4.8521770738569261     
          44   8.6393797973719302       -32.408835414084507       -4.3984923929126296     
          45   8.8357293382212934       -36.800505291442661       -4.1044655704432991     
          46   9.0320788790706548       -40.325624504341008       -3.9262824788762454     
          47   9.2284284199200179       -42.927137444008423       -3.8310787937009847     
          48   9.4247779607693793       -44.527676982949203       -3.8011666375941076     
 surfarea=   88.963023690863608     
