 nbmag=          33
 thetain,bmagin=
  -3.1415926535897931        1.5088614025453084     
  -2.8657173339723561        1.5010760618042889     
  -2.5934229512863940        1.4779126108465168     
  -2.3280874592429606        1.4400270840467988     
  -2.0727006275624036        1.3887377348722842     
  -1.8297099703245128        1.3262442812136153     
  -1.6009043343838976        1.2557340104048360     
  -1.3873360705422928        1.1812601467306147     
  -1.1892820796263426        1.1073524497207632     
  -1.0062498201415377        1.0384175563596540     
 -0.83704252745349894       0.97806296512847191     
 -0.67989779861339850       0.92852522787433833     
 -0.53269439762258042       0.89041592080276111     
 -0.39318695752091815       0.86296441915160427     
 -0.25920272460225302       0.84471567400868042     
 -0.12874605415456175       0.83431210648715703     
  -4.4408920985006262E-016  0.83092963304509571     
  0.12874605415456042       0.83431210648715703     
  0.25920272460225169       0.84471567400868042     
  0.39318695752091726       0.86296441915160427     
  0.53269439762257909       0.89041592080276111     
  0.67989779861339716       0.92852522787433833     
  0.83704252745349716       0.97806296512847191     
   1.0062498201415364        1.0384175563596540     
   1.1892820796263415        1.1073524497207632     
   1.3873360705422915        1.1812601467306147     
   1.6009043343838965        1.2557340104048360     
   1.8297099703245117        1.3262442812136153     
   2.0727006275624031        1.3887377348722842     
   2.3280874592429601        1.4400270840467988     
   2.5934229512863931        1.4779126108465168     
   2.8657173339723556        1.5010760618042889     
   3.1415926535897931        1.5088614025453084     
 alknob=   0.0000000000000000     
 epsknob=   1.0000000000000001E-005
 bpknob=   1.0000000000000000E-008
 extrknob=   0.0000000000000000     
 thetamax=   0.0000000000000000     
 deltaw,widthw=   0.0000000000000000        1.0000000000000000     
 tension=   1.0000000000000000     
 ntheta,nlambda=          32          17
#gg4init - input grid - thetain bmagin 
    1  -3.14159265358979312       1.50886140254530843    
    2  -2.86571733397235606       1.50107606180428887    
    3  -2.59342295128639400       1.47791261084651682    
    4  -2.32808745924296057       1.44002708404679880    
    5  -2.07270062756240359       1.38873773487228425    
    6  -1.82970997032451277       1.32624428121361526    
    7  -1.60090433438389756       1.25573401040483601    
    8  -1.38733607054229280       1.18126014673061475    
    9  -1.18928207962634258       1.10735244972076319    
   10  -1.00624982014153774       1.03841755635965405    
   11 -0.837042527453498941      0.978062965128471906    
   12 -0.679897798613398496      0.928525227874338333    
   13 -0.532694397622580418      0.890415920802761107    
   14 -0.393186957520918146      0.862964419151604267    
   15 -0.259202724602253021      0.844715674008680417    
   16 -0.128746054154561751      0.834312106487157035    
   17 -0.444089209850062616E-15  0.830929633045095706    
   18  0.128746054154560419      0.834312106487157035    
   19  0.259202724602251688      0.844715674008680417    
   20  0.393186957520917257      0.862964419151604267    
   21  0.532694397622579086      0.890415920802761107    
   22  0.679897798613397164      0.928525227874338333    
   23  0.837042527453497165      0.978062965128471906    
   24   1.00624982014153641       1.03841755635965405    
   25   1.18928207962634147       1.10735244972076319    
   26   1.38733607054229147       1.18126014673061475    
   27   1.60090433438389645       1.25573401040483601    
   28   1.82970997032451166       1.32624428121361526    
   29   2.07270062756240314       1.38873773487228425    
   30   2.32808745924296012       1.44002708404679880    
   31   2.59342295128639311       1.47791261084651682    
   32   2.86571733397235562       1.50107606180428887    
   33   3.14159265358979312       1.50886140254530843    
#gg4start - starting grid - thetastart thetastart
    1  -3.14159265358979312      -3.14159265358979312    
    2 -0.444089209850062616E-15 -0.444089209850062616E-15
    3 -0.444089209850062616E-15 -0.444089209850062616E-15
    4  -3.04963421371731425      -3.04963421371731425    
    5  -2.95767577384483493      -2.95767577384483493    
    6  -2.86571733397235606      -2.86571733397235606    
    7  -2.77495253974370204      -2.77495253974370204    
    8  -2.68418774551504802      -2.68418774551504802    
    9  -2.59342295128639400      -2.59342295128639400    
   10  -2.50497778727191633      -2.50497778727191633    
   11  -2.41653262325743823      -2.41653262325743823    
   12  -2.32808745924296057      -2.32808745924296057    
   13  -2.24295851534944157      -2.24295851534944157    
   14  -2.15782957145592258      -2.15782957145592258    
   15  -2.07270062756240359      -2.07270062756240359    
   16  -1.99170374181644005      -1.99170374181644005    
   17  -1.91070685607047630      -1.91070685607047630    
   18  -1.82970997032451277      -1.82970997032451277    
   19  -1.75344142501097444      -1.75344142501097444    
   20  -1.67717287969743589      -1.67717287969743589    
   21  -1.60090433438389756      -1.60090433438389756    
   22  -1.52971491310336272      -1.52971491310336272    
   23  -1.45852549182282765      -1.45852549182282765    
   24  -1.38733607054229280      -1.38733607054229280    
   25  -1.32131807357030939      -1.32131807357030939    
   26  -1.25530007659832599      -1.25530007659832599    
   27  -1.18928207962634258      -1.18928207962634258    
   28  -1.12827132646474104      -1.12827132646474104    
   29  -1.06726057330313928      -1.06726057330313928    
   30  -1.00624982014153774      -1.00624982014153774    
   31 -0.949847389245524809     -0.949847389245524809    
   32 -0.893444958349511875     -0.893444958349511875    
   33 -0.837042527453498941     -0.837042527453498941    
   34 -0.784660951173465460     -0.784660951173465460    
   35 -0.732279374893431978     -0.732279374893431978    
   36 -0.679897798613398496     -0.679897798613398496    
   37 -0.630829998283125803     -0.630829998283125803    
   38 -0.581762197952853111     -0.581762197952853111    
   39 -0.532694397622580418     -0.532694397622580418    
   40 -0.486191917588693012     -0.486191917588693012    
   41 -0.439689437554805607     -0.439689437554805607    
   42 -0.393186957520918146     -0.393186957520918146    
   43 -0.348525546548029752     -0.348525546548029752    
   44 -0.303864135575141414     -0.303864135575141414    
   45 -0.259202724602253021     -0.259202724602253021    
   46 -0.215717167786355940     -0.215717167786355940    
   47 -0.172231610970458859     -0.172231610970458859    
   48 -0.128746054154561751     -0.128746054154561751    
   49 -0.858307027697079866E-01 -0.858307027697079866E-01
   50 -0.429153513848542223E-01 -0.429153513848542223E-01
   51  0.429153513848531745E-01  0.429153513848531745E-01
   52  0.858307027697067931E-01  0.858307027697067931E-01
   53  0.128746054154560419      0.128746054154560419    
   54  0.172231610970457499      0.172231610970457499    
   55  0.215717167786354580      0.215717167786354580    
   56  0.259202724602251688      0.259202724602251688    
   57  0.303864135575140193      0.303864135575140193    
   58  0.348525546548028697      0.348525546548028697    
   59  0.393186957520917257      0.393186957520917257    
   60  0.439689437554804552      0.439689437554804552    
   61  0.486191917588691791      0.486191917588691791    
   62  0.532694397622579086      0.532694397622579086    
   63  0.581762197952851778      0.581762197952851778    
   64  0.630829998283124471      0.630829998283124471    
   65  0.679897798613397164      0.679897798613397164    
   66  0.732279374893430535      0.732279374893430535    
   67  0.784660951173463794      0.784660951173463794    
   68  0.837042527453497165      0.837042527453497165    
   69  0.893444958349510210      0.893444958349510210    
   70  0.949847389245523366      0.949847389245523366    
   71   1.00624982014153641       1.00624982014153641    
   72   1.06726057330313817       1.06726057330313817    
   73   1.12827132646473971       1.12827132646473971    
   74   1.18928207962634147       1.18928207962634147    
   75   1.25530007659832488       1.25530007659832488    
   76   1.32131807357030806       1.32131807357030806    
   77   1.38733607054229147       1.38733607054229147    
   78   1.45852549182282654       1.45852549182282654    
   79   1.52971491310336138       1.52971491310336138    
   80   1.60090433438389645       1.60090433438389645    
   81   1.67717287969743478       1.67717287969743478    
   82   1.75344142501097333       1.75344142501097333    
   83   1.82970997032451166       1.82970997032451166    
   84   1.91070685607047541       1.91070685607047541    
   85   1.99170374181643939       1.99170374181643939    
   86   2.07270062756240314       2.07270062756240314    
   87   2.15782957145592214       2.15782957145592214    
   88   2.24295851534944113       2.24295851534944113    
   89   2.32808745924296012       2.32808745924296012    
   90   2.41653262325743778       2.41653262325743778    
   91   2.50497778727191545       2.50497778727191545    
   92   2.59342295128639311       2.59342295128639311    
   93   2.68418774551504713       2.68418774551504713    
   94   2.77495253974370160       2.77495253974370160    
   95   2.86571733397235562       2.86571733397235562    
   96   2.95767577384483493       2.95767577384483493    
   97   3.04963421371731380       3.04963421371731380    
#gg4start - starting field - bmagstart bmagstart
    1   1.50886140254530843       1.50886140254530843    
    2  0.830929633045095706      0.830929633045095706    
    3  0.830929633045095706      0.830929633045095706    
    4   1.50793866290732259       1.50793866290732259    
    5   1.50534628852129693       1.50534628852129693    
    6   1.50107606180428887       1.50107606180428887    
    7   1.49502682730030512       1.49502682730030512    
    8   1.48731250871381926       1.48731250871381926    
    9   1.47791261084651682       1.47791261084651682    
   10   1.46693873871409264       1.46693873871409264    
   11   1.45431729405893351       1.45431729405893351    
   12   1.44002708404679880       1.44002708404679880    
   13   1.42451771896237123       1.42451771896237123    
   14   1.40742313600391777       1.40742313600391777    
   15   1.38873773487228425       1.38873773487228425    
   16   1.36933976302361859       1.36933976302361859    
   17   1.34849972156097775       1.34849972156097775    
   18   1.32624428121361526       1.32624428121361526    
   19   1.30390960280181090       1.30390960280181090    
   20   1.28038251081189158       1.28038251081189158    
   21   1.25573401040483601       1.25573401040483601    
   22   1.23170336001537839       1.23170336001537839    
   23   1.20683924435287415       1.20683924435287415    
   24   1.18126014673061475       1.18126014673061475    
   25   1.15696349552280364       1.15696349552280364    
   26   1.13227513600492302       1.13227513600492302    
   27   1.10735244972076319       1.10735244972076319    
   28   1.08423718422732440       1.08423718422732440    
   29   1.06120062134025295       1.06120062134025295    
   30   1.03841755635965405       1.03841755635965405    
   31   1.01774131444908522       1.01774131444908522    
   32  0.997569790238893694      0.997569790238893694    
   33  0.978062965128471906      0.978062965128471906    
   34  0.960700556404904704      0.960700556404904704    
   35  0.944150531401123261      0.944150531401123261    
   36  0.928525227874338333      0.928525227874338333    
   37  0.914848571302944946      0.914848571302944946    
   38  0.902128907849699235      0.902128907849699235    
   39  0.890415920802761107      0.890415920802761107    
   40  0.880311975140056990      0.880311975140056990    
   41  0.871160943090293127      0.871160943090293127    
   42  0.862964419151604267      0.862964419151604267    
   43  0.856015723646692539      0.856015723646692539    
   44  0.849937844644324203      0.849937844644324203    
   45  0.844715674008680417      0.844715674008680417    
   46  0.840461398342578048      0.840461398342578048    
   47  0.836996934296978301      0.836996934296978301    
   48  0.834312106487157035      0.834312106487157035    
   49  0.832437180008132716      0.832437180008132716    
   50  0.831310539500004886      0.831310539500004886    
   51  0.831310539500004886      0.831310539500004886    
   52  0.832437180008132716      0.832437180008132716    
   53  0.834312106487157035      0.834312106487157035    
   54  0.836996934296978301      0.836996934296978301    
   55  0.840461398342578159      0.840461398342578159    
   56  0.844715674008680417      0.844715674008680417    
   57  0.849937844644324314      0.849937844644324314    
   58  0.856015723646692650      0.856015723646692650    
   59  0.862964419151604267      0.862964419151604267    
   60  0.871160943090293016      0.871160943090293016    
   61  0.880311975140056990      0.880311975140056990    
   62  0.890415920802761107      0.890415920802761107    
   63  0.902128907849699235      0.902128907849699235    
   64  0.914848571302944946      0.914848571302944946    
   65  0.928525227874338333      0.928525227874338333    
   66  0.944150531401123261      0.944150531401123261    
   67  0.960700556404904815      0.960700556404904815    
   68  0.978062965128471906      0.978062965128471906    
   69  0.997569790238893694      0.997569790238893694    
   70   1.01774131444908522       1.01774131444908522    
   71   1.03841755635965405       1.03841755635965405    
   72   1.06120062134025295       1.06120062134025295    
   73   1.08423718422732418       1.08423718422732418    
   74   1.10735244972076319       1.10735244972076319    
   75   1.13227513600492302       1.13227513600492302    
   76   1.15696349552280386       1.15696349552280386    
   77   1.18126014673061475       1.18126014673061475    
   78   1.20683924435287415       1.20683924435287415    
   79   1.23170336001537839       1.23170336001537839    
   80   1.25573401040483601       1.25573401040483601    
   81   1.28038251081189158       1.28038251081189158    
   82   1.30390960280181090       1.30390960280181090    
   83   1.32624428121361526       1.32624428121361526    
   84   1.34849972156097775       1.34849972156097775    
   85   1.36933976302361882       1.36933976302361882    
   86   1.38873773487228425       1.38873773487228425    
   87   1.40742313600391777       1.40742313600391777    
   88   1.42451771896237123       1.42451771896237123    
   89   1.44002708404679880       1.44002708404679880    
   90   1.45431729405893351       1.45431729405893351    
   91   1.46693873871409264       1.46693873871409264    
   92   1.47791261084651682       1.47791261084651682    
   93   1.48731250871381926       1.48731250871381926    
   94   1.49502682730030512       1.49502682730030512    
   95   1.50107606180428887       1.50107606180428887    
   96   1.50534628852129693       1.50534628852129693    
   97   1.50793866290732259       1.50793866290732259    
#gg4start - essentialstart
           1 T
           2 T
           3 T
           4 F
           5 F
           6 F
           7 F
           8 F
           9 F
          10 F
          11 F
          12 F
          13 F
          14 F
          15 F
          16 F
          17 F
          18 F
          19 F
          20 F
          21 F
          22 F
          23 F
          24 F
          25 F
          26 F
          27 F
          28 F
          29 F
          30 F
          31 F
          32 F
          33 F
          34 F
          35 F
          36 F
          37 F
          38 F
          39 F
          40 F
          41 F
          42 F
          43 F
          44 F
          45 F
          46 F
          47 F
          48 F
          49 F
          50 F
          51 F
          52 F
          53 F
          54 F
          55 F
          56 F
          57 F
          58 F
          59 F
          60 F
          61 F
          62 F
          63 F
          64 F
          65 F
          66 F
          67 F
          68 F
          69 F
          70 F
          71 F
          72 F
          73 F
          74 F
          75 F
          76 F
          77 F
          78 F
          79 F
          80 F
          81 F
          82 F
          83 F
          84 F
          85 F
          86 F
          87 F
          88 F
          89 F
          90 F
          91 F
          92 F
          93 F
          94 F
          95 F
          96 F
          97 F
# gg4collect - bmagset bmagset
    1   1.50886140254530843       1.50886140254530843    
    2  0.830929633045095706      0.830929633045095706    
    3   0.00000000000000000       0.00000000000000000    
    4   1.50793866290732259       1.50793866290732259    
    5   1.50534628852129693       1.50534628852129693    
    6   1.50107606180428887       1.50107606180428887    
    7   1.49502682730030512       1.49502682730030512    
    8   1.48731250871381926       1.48731250871381926    
    9   1.47791261084651682       1.47791261084651682    
   10   1.46693873871409264       1.46693873871409264    
   11   1.45431729405893351       1.45431729405893351    
   12   1.44002708404679880       1.44002708404679880    
   13   1.42451771896237123       1.42451771896237123    
   14   1.40742313600391777       1.40742313600391777    
   15   1.38873773487228425       1.38873773487228425    
   16   1.36933976302361859       1.36933976302361859    
   17   1.34849972156097775       1.34849972156097775    
   18   1.32624428121361526       1.32624428121361526    
   19   1.30390960280181090       1.30390960280181090    
   20   1.28038251081189158       1.28038251081189158    
   21   1.25573401040483601       1.25573401040483601    
   22   1.23170336001537839       1.23170336001537839    
   23   1.20683924435287415       1.20683924435287415    
   24   1.18126014673061475       1.18126014673061475    
   25   1.15696349552280364       1.15696349552280364    
   26   1.13227513600492302       1.13227513600492302    
   27   1.10735244972076319       1.10735244972076319    
   28   1.08423718422732440       1.08423718422732440    
   29   1.06120062134025295       1.06120062134025295    
   30   1.03841755635965405       1.03841755635965405    
   31   1.01774131444908522       1.01774131444908522    
   32  0.997569790238893694      0.997569790238893694    
   33  0.978062965128471906      0.978062965128471906    
   34  0.960700556404904704      0.960700556404904704    
   35  0.944150531401123261      0.944150531401123261    
   36  0.928525227874338333      0.928525227874338333    
   37  0.914848571302944946      0.914848571302944946    
   38  0.902128907849699235      0.902128907849699235    
   39  0.890415920802761107      0.890415920802761107    
   40  0.880311975140056990      0.880311975140056990    
   41  0.871160943090293127      0.871160943090293127    
   42  0.862964419151604267      0.862964419151604267    
   43  0.856015723646692539      0.856015723646692539    
   44  0.849937844644324203      0.849937844644324203    
   45  0.844715674008680417      0.844715674008680417    
   46  0.840461398342578048      0.840461398342578048    
   47  0.836996934296978301      0.836996934296978301    
   48  0.834312106487157035      0.834312106487157035    
   49  0.832437180008132716      0.832437180008132716    
   50  0.831310539500004886      0.831310539500004886    
   51  0.831310539500004886      0.831310539500004886    
   52  0.832437180008132716      0.832437180008132716    
   53  0.834312106487157035      0.834312106487157035    
   54  0.836996934296978301      0.836996934296978301    
   55  0.840461398342578159      0.840461398342578159    
   56  0.844715674008680417      0.844715674008680417    
   57  0.849937844644324314      0.849937844644324314    
   58  0.856015723646692650      0.856015723646692650    
   59  0.862964419151604267      0.862964419151604267    
   60  0.871160943090293016      0.871160943090293016    
   61  0.880311975140056990      0.880311975140056990    
   62  0.890415920802761107      0.890415920802761107    
   63  0.902128907849699235      0.902128907849699235    
   64  0.914848571302944946      0.914848571302944946    
   65  0.928525227874338333      0.928525227874338333    
   66  0.944150531401123261      0.944150531401123261    
   67  0.960700556404904815      0.960700556404904815    
   68  0.978062965128471906      0.978062965128471906    
   69  0.997569790238893694      0.997569790238893694    
   70   1.01774131444908522       1.01774131444908522    
   71   1.03841755635965405       1.03841755635965405    
   72   1.06120062134025295       1.06120062134025295    
   73   1.08423718422732418       1.08423718422732418    
   74   1.10735244972076319       1.10735244972076319    
   75   1.13227513600492302       1.13227513600492302    
   76   1.15696349552280386       1.15696349552280386    
   77   1.18126014673061475       1.18126014673061475    
   78   1.20683924435287415       1.20683924435287415    
   79   1.23170336001537839       1.23170336001537839    
   80   1.25573401040483601       1.25573401040483601    
   81   1.28038251081189158       1.28038251081189158    
   82   1.30390960280181090       1.30390960280181090    
   83   1.32624428121361526       1.32624428121361526    
   84   1.34849972156097775       1.34849972156097775    
   85   1.36933976302361882       1.36933976302361882    
   86   1.38873773487228425       1.38873773487228425    
   87   1.40742313600391777       1.40742313600391777    
   88   1.42451771896237123       1.42451771896237123    
   89   1.44002708404679880       1.44002708404679880    
   90   1.45431729405893351       1.45431729405893351    
   91   1.46693873871409264       1.46693873871409264    
   92   1.47791261084651682       1.47791261084651682    
   93   1.48731250871381926       1.48731250871381926    
   94   1.49502682730030512       1.49502682730030512    
   95   1.50107606180428887       1.50107606180428887    
   96   1.50534628852129693       1.50534628852129693    
   97   1.50793866290732259       1.50793866290732259    
# gg4collect - thetasetset ibmagsetset icollsetset
    1  -3.14159265358979312        1          2
    2 -0.444089209850062616E-15    0          2
    3 -0.444089209850062616E-15    2        112
    4  -3.04963421371731425        4          2
    5   3.04963421371731869        4       3222
    6  -2.95767577384483493        5          2
    7   2.95767577384484559        5       3222
    8  -2.86571733397235606        6          2
    9   2.86571733397235562        6        331
   10  -2.77495253974370204        7          2
   11   2.77495253974370293        7       3222
   12  -2.68418774551504802        8          2
   13   2.68418774551504935        8       3222
   14  -2.59342295128639400        9          2
   15   2.59342295128639311        9        331
   16  -2.50497778727191633       10          2
   17   2.50497778727191545       10       3222
   18  -2.41653262325743823       11          2
   19   2.41653262325743778       11       3222
   20  -2.32808745924296057       12          2
   21   2.32808745924296012       12        331
   22  -2.24295851534944157       13          2
   23   2.24295851534944113       13       3222
   24  -2.15782957145592258       14          2
   25   2.15782957145592214       14       3222
   26  -2.07270062756240359       15          2
   27   2.07270062756240314       15        331
   28  -1.99170374181644005       16          2
   29   1.99170374181643917       16       3222
   30  -1.91070685607047630       17          2
   31   1.91070685607047563       17       3222
   32  -1.82970997032451277       18          2
   33   1.82970997032451166       18        331
   34  -1.75344142501097444       19          2
   35   1.75344142501097311       19       3222
   36  -1.67717287969743589       20          2
   37   1.67717287969743434       20       3222
   38  -1.60090433438389756       21          2
   39   1.60090433438389645       21        331
   40  -1.52971491310336272       22          2
   41   1.52971491310336138       22       3222
   42  -1.45852549182282765       23          2
   43   1.45852549182282654       23       3222
   44  -1.38733607054229280       24          2
   45   1.38733607054229147       24        331
   46  -1.32131807357030939       25          2
   47   1.32131807357030784       25       3222
   48  -1.25530007659832599       26          2
   49   1.25530007659832554       26       3222
   50  -1.18928207962634258       27          2
   51   1.18928207962634147       27        331
   52  -1.12827132646474104       28          2
   53   1.12827132646474038       28       3222
   54  -1.06726057330313928       29          2
   55   1.06726057330313839       29       3222
   56  -1.00624982014153774       30          2
   57   1.00624982014153641       30        331
   58 -0.949847389245524809       31          2
   59  0.949847389245523477       31       3222
   60 -0.893444958349511875       32          2
   61  0.893444958349510321       32       3222
   62 -0.837042527453498941       33          2
   63  0.837042527453497165       33        331
   64 -0.784660951173465460       34          2
   65  0.784660951173463683       34       3222
   66 -0.732279374893431978       35          2
   67  0.732279374893430091       35       3222
   68 -0.679897798613398496       36          2
   69  0.679897798613397164       36        331
   70 -0.630829998283125803       37          2
   71  0.630829998283124138       37       3222
   72 -0.581762197952853111       38          2
   73  0.581762197952852111       38       3222
   74 -0.532694397622580418       39          2
   75  0.532694397622579086       39        331
   76 -0.486191917588693012       40          2
   77  0.486191917588692402       40       3222
   78 -0.439689437554805607       41          2
   79  0.439689437554804718       41       3222
   80 -0.393186957520918146       42          2
   81  0.393186957520917257       42        331
   82 -0.348525546548029752       43          2
   83  0.348525546548028364       43       3222
   84 -0.303864135575141414       44          2
   85  0.303864135575139804       44       3222
   86 -0.259202724602253021       45          2
   87  0.259202724602251688       45        331
   88 -0.215717167786355940       46          2
   89  0.215717167786353359       46       3222
   90 -0.172231610970458859       47          2
   91  0.172231610970456916       47       3222
   92 -0.128746054154561751       48          2
   93  0.128746054154560419       48        331
   94 -0.858307027697079866E-01   49          2
   95  0.858307027697092217E-01   49       3222
   96 -0.429153513848542223E-01   50          2
   97  0.429153513848470683E-01   50       3222
   98  0.429153513848531745E-01   51          2
   99 -0.429153513848517659E-01   51       3122
  100  0.858307027697067931E-01   52          2
  101 -0.858307027697067515E-01   52       3122
  102  0.128746054154560419       53          2
  103 -0.128746054154561751       53        331
  104  0.172231610970457499       54          2
  105 -0.172231610970458249       54       3122
  106  0.215717167786354580       55          2
  107 -0.215717167786356995       55       3122
  108  0.259202724602251688       56          2
  109 -0.259202724602253021       56        331
  110  0.303864135575140193       57          2
  111 -0.303864135575142247       57       3122
  112  0.348525546548028697       58          2
  113 -0.348525546548029863       58       3122
  114  0.393186957520917257       59          2
  115 -0.393186957520918146       59        331
  116  0.439689437554804552       60          2
  117 -0.439689437554804941       60       3122
  118  0.486191917588691791       61          2
  119 -0.486191917588693123       61       3122
  120  0.532694397622579086       62          2
  121 -0.532694397622580418       62        331
  122  0.581762197952851778       63          2
  123 -0.581762197952853444       63       3122
  124  0.630829998283124471       64          2
  125 -0.630829998283125470       64       3122
  126  0.679897798613397164       65          2
  127 -0.679897798613398496       65        331
  128  0.732279374893430535       66          2
  129 -0.732279374893431645       66       3122
  130  0.784660951173463794       67          2
  131 -0.784660951173465793       67       3122
  132  0.837042527453497165       68          2
  133 -0.837042527453498941       68        331
  134  0.893444958349510210       69          2
  135 -0.893444958349511875       69       3122
  136  0.949847389245523366       70          2
  137 -0.949847389245524476       70       3122
  138   1.00624982014153641       71          2
  139  -1.00624982014153774       71        331
  140   1.06726057330313817       72          2
  141  -1.06726057330313906       72       3122
  142   1.12827132646473971       73          2
  143  -1.12827132646474038       73       3122
  144   1.18928207962634147       74          2
  145  -1.18928207962634258       74        331
  146   1.25530007659832488       75          2
  147  -1.25530007659832621       75       3122
  148   1.32131807357030806       76          2
  149  -1.32131807357031006       76       3122
  150   1.38733607054229147       77          2
  151  -1.38733607054229280       77        331
  152   1.45852549182282654       78          2
  153  -1.45852549182282787       78       3122
  154   1.52971491310336138       79          2
  155  -1.52971491310336272       79       3122
  156   1.60090433438389645       80          2
  157  -1.60090433438389756       80        331
  158   1.67717287969743478       81          2
  159  -1.67717287969743523       81       3122
  160   1.75344142501097333       82          2
  161  -1.75344142501097444       82       3122
  162   1.82970997032451166       83          2
  163  -1.82970997032451277       83        331
  164   1.91070685607047541       84          2
  165  -1.91070685607047652       84       3122
  166   1.99170374181643939       85          2
  167  -1.99170374181644050       85       3122
  168   2.07270062756240314       86          2
  169  -2.07270062756240359       86        331
  170   2.15782957145592214       87          2
  171  -2.15782957145592214       87       3122
  172   2.24295851534944113       88          2
  173  -2.24295851534944113       88       3122
  174   2.32808745924296012       89          2
  175  -2.32808745924296057       89        331
  176   2.41653262325743778       90          2
  177  -2.41653262325743778       90       3122
  178   2.50497778727191545       91          2
  179  -2.50497778727191633       91       3122
  180   2.59342295128639311       92          2
  181  -2.59342295128639400       92        331
  182   2.68418774551504713       93          2
  183  -2.68418774551505024       93       3122
  184   2.77495253974370160       94          2
  185  -2.77495253974370382       94       3122
  186   2.86571733397235562       95          2
  187  -2.86571733397235606       95        331
  188   2.95767577384483493       96          2
  189  -2.95767577384484559       96       3122
  190   3.04963421371731380       97          2
  191  -3.04963421371731869       97       3122
#gg4sort - thetasetset ithetasort ithetasort
    1  -3.14159265358979312        1          1
    2 -0.444089209850062616E-15  191        191
    3 -0.444089209850062616E-15    4          4
    4  -3.04963421371731425        6          6
    5   3.04963421371731869      189        189
    6  -2.95767577384483493        8          8
    7   2.95767577384484559      187        187
    8  -2.86571733397235606       10         10
    9   2.86571733397235562      185        185
   10  -2.77495253974370204      183        183
   11   2.77495253974370293       12         12
   12  -2.68418774551504802      181        181
   13   2.68418774551504935       14         14
   14  -2.59342295128639400       16         16
   15   2.59342295128639311      179        179
   16  -2.50497778727191633      177        177
   17   2.50497778727191545       18         18
   18  -2.41653262325743823       20         20
   19   2.41653262325743778      175        175
   20  -2.32808745924296057      173        173
   21   2.32808745924296012       22         22
   22  -2.24295851534944157      171        171
   23   2.24295851534944113       24         24
   24  -2.15782957145592258      169        169
   25   2.15782957145592214       26         26
   26  -2.07270062756240359       28         28
   27   2.07270062756240314      167        167
   28  -1.99170374181644005      165        165
   29   1.99170374181643917       30         30
   30  -1.91070685607047630       32         32
   31   1.91070685607047563      163        163
   32  -1.82970997032451277      161        161
   33   1.82970997032451166       34         34
   34  -1.75344142501097444      159        159
   35   1.75344142501097311       36         36
   36  -1.67717287969743589      157        157
   37   1.67717287969743434       38         38
   38  -1.60090433438389756       40         40
   39   1.60090433438389645      155        155
   40  -1.52971491310336272       42         42
   41   1.52971491310336138      153        153
   42  -1.45852549182282765      151        151
   43   1.45852549182282654       44         44
   44  -1.38733607054229280       46         46
   45   1.38733607054229147      149        149
   46  -1.32131807357030939       48         48
   47   1.32131807357030784      147        147
   48  -1.25530007659832599       50         50
   49   1.25530007659832554      145        145
   50  -1.18928207962634258       52         52
   51   1.18928207962634147      143        143
   52  -1.12827132646474104      141        141
   53   1.12827132646474038       54         54
   54  -1.06726057330313928      139        139
   55   1.06726057330313839       56         56
   56  -1.00624982014153774       58         58
   57   1.00624982014153641      137        137
   58 -0.949847389245524809       60         60
   59  0.949847389245523477      135        135
   60 -0.893444958349511875       62         62
   61  0.893444958349510321      133        133
   62 -0.837042527453498941      131        131
   63  0.837042527453497165       64         64
   64 -0.784660951173465460       66         66
   65  0.784660951173463683      129        129
   66 -0.732279374893431978      127        127
   67  0.732279374893430091       68         68
   68 -0.679897798613398496      125        125
   69  0.679897798613397164       70         70
   70 -0.630829998283125803      123        123
   71  0.630829998283124138       72         72
   72 -0.581762197952853111      121        121
   73  0.581762197952852111       74         74
   74 -0.532694397622580418      119        119
   75  0.532694397622579086       76         76
   76 -0.486191917588693012      117        117
   77  0.486191917588692402       78         78
   78 -0.439689437554805607      115        115
   79  0.439689437554804718       80         80
   80 -0.393186957520918146      113        113
   81  0.393186957520917257       82         82
   82 -0.348525546548029752      111        111
   83  0.348525546548028364       84         84
   84 -0.303864135575141414      109        109
   85  0.303864135575139804       86         86
   86 -0.259202724602253021      107        107
   87  0.259202724602251688       88         88
   88 -0.215717167786355940      105        105
   89  0.215717167786353359       90         90
   90 -0.172231610970458859      103        103
   91  0.172231610970456916       92         92
   92 -0.128746054154561751      101        101
   93  0.128746054154560419       94         94
   94 -0.858307027697079866E-01   99         99
   95  0.858307027697092217E-01   96         96
   96 -0.429153513848542223E-01    3          3
   97  0.429153513848470683E-01    2          2
   98  0.429153513848531745E-01   98         98
   99 -0.429153513848517659E-01   97         97
  100  0.858307027697067931E-01  100        100
  101 -0.858307027697067515E-01   95         95
  102  0.128746054154560419      102        102
  103 -0.128746054154561751       93         93
  104  0.172231610970457499      104        104
  105 -0.172231610970458249       91         91
  106  0.215717167786354580      106        106
  107 -0.215717167786356995       89         89
  108  0.259202724602251688      108        108
  109 -0.259202724602253021       87         87
  110  0.303864135575140193      110        110
  111 -0.303864135575142247       85         85
  112  0.348525546548028697      112        112
  113 -0.348525546548029863       83         83
  114  0.393186957520917257      114        114
  115 -0.393186957520918146       81         81
  116  0.439689437554804552      116        116
  117 -0.439689437554804941       79         79
  118  0.486191917588691791      118        118
  119 -0.486191917588693123       77         77
  120  0.532694397622579086      120        120
  121 -0.532694397622580418       75         75
  122  0.581762197952851778      122        122
  123 -0.581762197952853444       73         73
  124  0.630829998283124471      124        124
  125 -0.630829998283125470       71         71
  126  0.679897798613397164      126        126
  127 -0.679897798613398496       69         69
  128  0.732279374893430535       67         67
  129 -0.732279374893431645      128        128
  130  0.784660951173463794      130        130
  131 -0.784660951173465793       65         65
  132  0.837042527453497165       63         63
  133 -0.837042527453498941      132        132
  134  0.893444958349510210       61         61
  135 -0.893444958349511875      134        134
  136  0.949847389245523366       59         59
  137 -0.949847389245524476      136        136
  138   1.00624982014153641       57         57
  139  -1.00624982014153774      138        138
  140   1.06726057330313817       55         55
  141  -1.06726057330313906      140        140
  142   1.12827132646473971       53         53
  143  -1.12827132646474038      142        142
  144   1.18928207962634147       51         51
  145  -1.18928207962634258      144        144
  146   1.25530007659832488       49         49
  147  -1.25530007659832621      146        146
  148   1.32131807357030806       47         47
  149  -1.32131807357031006      148        148
  150   1.38733607054229147       45         45
  151  -1.38733607054229280      150        150
  152   1.45852549182282654       43         43
  153  -1.45852549182282787      152        152
  154   1.52971491310336138       41         41
  155  -1.52971491310336272      154        154
  156   1.60090433438389645       39         39
  157  -1.60090433438389756      156        156
  158   1.67717287969743478      158        158
  159  -1.67717287969743523       37         37
  160   1.75344142501097333      160        160
  161  -1.75344142501097444       35         35
  162   1.82970997032451166      162        162
  163  -1.82970997032451277       33         33
  164   1.91070685607047541       31         31
  165  -1.91070685607047652      164        164
  166   1.99170374181643939       29         29
  167  -1.99170374181644050      166        166
  168   2.07270062756240314       27         27
  169  -2.07270062756240359      168        168
  170   2.15782957145592214       25         25
  171  -2.15782957145592214      170        170
  172   2.24295851534944113       23         23
  173  -2.24295851534944113      172        172
  174   2.32808745924296012      174        174
  175  -2.32808745924296057       21         21
  176   2.41653262325743778      176        176
  177  -2.41653262325743778       19         19
  178   2.50497778727191545      178        178
  179  -2.50497778727191633       17         17
  180   2.59342295128639311       15         15
  181  -2.59342295128639400      180        180
  182   2.68418774551504713       13         13
  183  -2.68418774551505024      182        182
  184   2.77495253974370160       11         11
  185  -2.77495253974370382      184        184
  186   2.86571733397235562      186        186
  187  -2.86571733397235606        9          9
  188   2.95767577384483493        7          7
  189  -2.95767577384484559      188        188
  190   3.04963421371731380      190        190
  191  -3.04963421371731869        5          5
#gg4sort - bmagset ibmagsort ibmagsort
    1   1.50886140254530843        3          3
    2  0.830929633045095706        2          2
    3   0.00000000000000000       50         50
    4   1.50793866290732259       51         51
    5   1.50534628852129693       52         52
    6   1.50107606180428887       49         49
    7   1.49502682730030512       53         53
    8   1.48731250871381926       48         48
    9   1.47791261084651682       54         54
   10   1.46693873871409264       47         47
   11   1.45431729405893351       55         55
   12   1.44002708404679880       46         46
   13   1.42451771896237123       45         45
   14   1.40742313600391777       56         56
   15   1.38873773487228425       57         57
   16   1.36933976302361859       44         44
   17   1.34849972156097775       43         43
   18   1.32624428121361526       58         58
   19   1.30390960280181090       59         59
   20   1.28038251081189158       42         42
   21   1.25573401040483601       60         60
   22   1.23170336001537839       41         41
   23   1.20683924435287415       40         40
   24   1.18126014673061475       61         61
   25   1.15696349552280364       62         62
   26   1.13227513600492302       39         39
   27   1.10735244972076319       63         63
   28   1.08423718422732440       38         38
   29   1.06120062134025295       37         37
   30   1.03841755635965405       64         64
   31   1.01774131444908522       36         36
   32  0.997569790238893694       65         65
   33  0.978062965128471906       66         66
   34  0.960700556404904704       35         35
   35  0.944150531401123261       67         67
   36  0.928525227874338333       34         34
   37  0.914848571302944946       68         68
   38  0.902128907849699235       33         33
   39  0.890415920802761107       69         69
   40  0.880311975140056990       32         32
   41  0.871160943090293127       31         31
   42  0.862964419151604267       70         70
   43  0.856015723646692539       30         30
   44  0.849937844644324203       71         71
   45  0.844715674008680417       29         29
   46  0.840461398342578048       72         72
   47  0.836996934296978301       28         28
   48  0.834312106487157035       73         73
   49  0.832437180008132716       27         27
   50  0.831310539500004886       74         74
   51  0.831310539500004886       26         26
   52  0.832437180008132716       75         75
   53  0.834312106487157035       76         76
   54  0.836996934296978301       25         25
   55  0.840461398342578159       24         24
   56  0.844715674008680417       77         77
   57  0.849937844644324314       78         78
   58  0.856015723646692650       23         23
   59  0.862964419151604267       22         22
   60  0.871160943090293016       79         79
   61  0.880311975140056990       80         80
   62  0.890415920802761107       21         21
   63  0.902128907849699235       20         20
   64  0.914848571302944946       81         81
   65  0.928525227874338333       82         82
   66  0.944150531401123261       19         19
   67  0.960700556404904815       83         83
   68  0.978062965128471906       18         18
   69  0.997569790238893694       84         84
   70   1.01774131444908522       17         17
   71   1.03841755635965405       85         85
   72   1.06120062134025295       16         16
   73   1.08423718422732418       15         15
   74   1.10735244972076319       86         86
   75   1.13227513600492302       14         14
   76   1.15696349552280386       87         87
   77   1.18126014673061475       13         13
   78   1.20683924435287415       88         88
   79   1.23170336001537839       12         12
   80   1.25573401040483601       89         89
   81   1.28038251081189158       11         11
   82   1.30390960280181090       90         90
   83   1.32624428121361526       91         91
   84   1.34849972156097775       10         10
   85   1.36933976302361882       92         92
   86   1.38873773487228425        9          9
   87   1.40742313600391777       93         93
   88   1.42451771896237123        8          8
   89   1.44002708404679880        7          7
   90   1.45431729405893351       94         94
   91   1.46693873871409264        6          6
   92   1.47791261084651682       95         95
   93   1.48731250871381926       96         96
   94   1.49502682730030512        5          5
   95   1.50107606180428887       97         97
   96   1.50534628852129693        4          4
   97   1.50793866290732259        1          1
#gg4metrics - thetares alambdares
    1  0.200000000000000000E+21  0.809936991822098333E-03
    2  0.100000000000000000E+21  0.635060551998250394E-03
    3   0.00000000000000000       0.00000000000000000    
    4   0.00000000000000000       0.00000000000000000    
    5   0.00000000000000000       0.00000000000000000    
    6   0.00000000000000000       0.00000000000000000    
    7   0.00000000000000000       0.00000000000000000    
    8   0.00000000000000000       0.00000000000000000    
    9   0.00000000000000000       0.00000000000000000    
   10   0.00000000000000000       0.00000000000000000    
   11   0.00000000000000000       0.00000000000000000    
   12   0.00000000000000000       0.00000000000000000    
   13   0.00000000000000000       0.00000000000000000    
   14   0.00000000000000000       0.00000000000000000    
   15   0.00000000000000000       0.00000000000000000    
   16   0.00000000000000000       0.00000000000000000    
   17   0.00000000000000000       0.00000000000000000    
   18   0.00000000000000000       0.00000000000000000    
   19   0.00000000000000000       0.00000000000000000    
   20   0.00000000000000000       0.00000000000000000    
   21   0.00000000000000000       0.00000000000000000    
   22   0.00000000000000000       0.00000000000000000    
   23   0.00000000000000000       0.00000000000000000    
   24   0.00000000000000000       0.00000000000000000    
   25   0.00000000000000000       0.00000000000000000    
   26   0.00000000000000000       0.00000000000000000    
   27   0.00000000000000000       0.00000000000000000    
   28   0.00000000000000000       0.00000000000000000    
   29   0.00000000000000000       0.00000000000000000    
   30   0.00000000000000000       0.00000000000000000    
   31   0.00000000000000000       0.00000000000000000    
   32   0.00000000000000000       0.00000000000000000    
   33   0.00000000000000000       0.00000000000000000    
   34   0.00000000000000000       0.00000000000000000    
   35   0.00000000000000000       0.00000000000000000    
   36   0.00000000000000000       0.00000000000000000    
   37   0.00000000000000000       0.00000000000000000    
   38   0.00000000000000000       0.00000000000000000    
   39   0.00000000000000000       0.00000000000000000    
   40   0.00000000000000000       0.00000000000000000    
   41   0.00000000000000000       0.00000000000000000    
   42   0.00000000000000000       0.00000000000000000    
   43   0.00000000000000000       0.00000000000000000    
   44   0.00000000000000000       0.00000000000000000    
   45   0.00000000000000000       0.00000000000000000    
   46   0.00000000000000000       0.00000000000000000    
   47   0.00000000000000000       0.00000000000000000    
   48   0.00000000000000000       0.00000000000000000    
   49   0.00000000000000000       0.00000000000000000    
   50   0.00000000000000000       0.00000000000000000    
   51   0.00000000000000000       0.00000000000000000    
   52   0.00000000000000000       0.00000000000000000    
   53   0.00000000000000000       0.00000000000000000    
   54   0.00000000000000000       0.00000000000000000    
   55   0.00000000000000000       0.00000000000000000    
   56   0.00000000000000000       0.00000000000000000    
   57   0.00000000000000000       0.00000000000000000    
   58   0.00000000000000000       0.00000000000000000    
   59   0.00000000000000000       0.00000000000000000    
   60   0.00000000000000000       0.00000000000000000    
   61   0.00000000000000000       0.00000000000000000    
   62   0.00000000000000000       0.00000000000000000    
   63   0.00000000000000000       0.00000000000000000    
   64   0.00000000000000000       0.00000000000000000    
   65   0.00000000000000000       0.00000000000000000    
   66   0.00000000000000000       0.00000000000000000    
   67   0.00000000000000000       0.00000000000000000    
   68   0.00000000000000000       0.00000000000000000    
   69   0.00000000000000000       0.00000000000000000    
   70   0.00000000000000000       0.00000000000000000    
   71   0.00000000000000000       0.00000000000000000    
   72   0.00000000000000000       0.00000000000000000    
   73   0.00000000000000000       0.00000000000000000    
   74   0.00000000000000000       0.00000000000000000    
   75   0.00000000000000000       0.00000000000000000    
   76   0.00000000000000000       0.00000000000000000    
   77   0.00000000000000000       0.00000000000000000    
   78   0.00000000000000000       0.00000000000000000    
   79   0.00000000000000000       0.00000000000000000    
   80   0.00000000000000000       0.00000000000000000    
   81   0.00000000000000000       0.00000000000000000    
   82   0.00000000000000000       0.00000000000000000    
   83   0.00000000000000000       0.00000000000000000    
   84   0.00000000000000000       0.00000000000000000    
   85   0.00000000000000000       0.00000000000000000    
   86   0.00000000000000000       0.00000000000000000    
   87   0.00000000000000000       0.00000000000000000    
   88   0.00000000000000000       0.00000000000000000    
   89   0.00000000000000000       0.00000000000000000    
   90   0.00000000000000000       0.00000000000000000    
   91   0.00000000000000000       0.00000000000000000    
   92   0.00000000000000000       0.00000000000000000    
   93   0.00000000000000000       0.00000000000000000    
   94   0.00000000000000000       0.00000000000000000    
   95   0.00000000000000000       0.00000000000000000    
   96   0.00000000000000000       0.00000000000000000    
   97   0.00000000000000000       0.00000000000000000    
#gg4results - output grid - thetagrid thetagrid
    1  -3.14159265358979312       1.50886140254530843    
    2  -2.95767577384484559       1.50534628852129693    
    3  -2.77495253974370382       1.49502682730030512    
    4  -2.59342295128639400       1.47791261084651682    
    5  -2.41653262325743778       1.45431729405893351    
    6  -2.24295851534944113       1.42451771896237123    
    7  -2.07270062756240359       1.38873773487228425    
    8  -1.91070685607047652       1.34849972156097775    
    9  -1.75344142501097444       1.30390960280181090    
   10  -1.45852549182282787       1.20683924435287415    
   11  -1.18928207962634258       1.10735244972076319    
   12 -0.949847389245524476       1.01774131444908522    
   13 -0.732279374893431645      0.944150531401123261    
   14 -0.532694397622580418      0.890415920802761107    
   15 -0.348525546548029863      0.856015723646692650    
   16 -0.172231610970458249      0.836996934296978301    
   17 -0.444089209850062616E-15  0.830929633045095706    
   18  0.172231610970457499      0.836996934296978301    
   19  0.348525546548028697      0.856015723646692650    
   20  0.532694397622579086      0.890415920802761107    
   21  0.732279374893430535      0.944150531401123261    
   22  0.949847389245523366       1.01774131444908522    
   23   1.18928207962634147       1.10735244972076319    
   24   1.45852549182282654       1.20683924435287415    
   25   1.75344142501097333       1.30390960280181090    
   26   1.91070685607047541       1.34849972156097775    
   27   2.07270062756240314       1.38873773487228425    
   28   2.24295851534944113       1.42451771896237123    
   29   2.41653262325743778       1.45431729405893351    
   30   2.59342295128639311       1.47791261084651682    
   31   2.77495253974370160       1.49502682730030512    
   32   2.95767577384483493       1.50534628852129693    
   33   3.14159265358979312       1.50886140254530843    
#gg4results - output 1/lambda - bset bset
    1   1.50886140254530843       1.50886140254530843    
    2   1.50534628852129693       1.50534628852129693    
    3   1.49502682730030512       1.49502682730030512    
    4   1.47791261084651682       1.47791261084651682    
    5   1.45431729405893351       1.45431729405893351    
    6   1.42451771896237123       1.42451771896237123    
    7   1.38873773487228425       1.38873773487228425    
    8   1.34849972156097775       1.34849972156097775    
    9   1.30390960280181090       1.30390960280181090    
   10   1.20683924435287415       1.20683924435287415    
   11   1.10735244972076319       1.10735244972076319    
   12   1.01774131444908522       1.01774131444908522    
   13  0.944150531401123261      0.944150531401123261    
   14  0.890415920802761107      0.890415920802761107    
   15  0.856015723646692650      0.856015723646692650    
   16  0.836996934296978301      0.836996934296978301    
   17  0.830929633045095706      0.830929633045095706    
