 # theta_pol,  R,   Z
  -3.1415926535897931        1.3257323823880351       -1.9963708419233956E-016
  -2.9452431127404308        1.3319936690863206      -0.31802853744084503     
  -2.7488935718910690        1.3510354376940295      -0.62383541654029606     
  -2.5525440310417071        1.3835875030420248      -0.90566865043303579     
  -2.3561944901923448        1.4307164768111322       -1.1526975459944648     
  -2.1598449493429825        1.4935917963826562       -1.3554289213035582     
  -1.9634954084936207        1.5731481679923620       -1.5060719233002513     
  -1.7671458676442586        1.6696537609398869       -1.5988374258993814     
  -1.5707963267948966        1.7822202675413175       -1.6301605028595567     
  -1.3744467859455345        1.9083275649382525       -1.5988374258993814     
  -1.1780972450961724        2.0434728291546835       -1.5060719233002513     
 -0.98174770424681035        2.1810756382604675       -1.3554289213035577     
 -0.78539816339744828        2.3127581502225882       -1.1526975459944646     
 -0.58904862254808621        2.4290596342413129      -0.90566865043303579     
 -0.39269908169872414        2.5205400933091715      -0.62383541654029595     
 -0.19634954084936207        2.5791034906738215      -0.31802853744084447     
   0.0000000000000000        2.5992708872908823        0.0000000000000000     
  0.19634954084936207        2.5791034906738215       0.31802853744084447     
  0.39269908169872414        2.5205400933091715       0.62383541654029595     
  0.58904862254808621        2.4290596342413129       0.90566865043303579     
  0.78539816339744828        2.3127581502225882        1.1526975459944646     
  0.98174770424681035        2.1810756382604675        1.3554289213035577     
   1.1780972450961724        2.0434728291546835        1.5060719233002513     
   1.3744467859455345        1.9083275649382525        1.5988374258993814     
   1.5707963267948966        1.7822202675413175        1.6301605028595567     
   1.7671458676442586        1.6696537609398869        1.5988374258993814     
   1.9634954084936207        1.5731481679923620        1.5060719233002513     
   2.1598449493429825        1.4935917963826562        1.3554289213035582     
   2.3561944901923448        1.4307164768111322        1.1526975459944648     
   2.5525440310417071        1.3835875030420248       0.90566865043303579     
   2.7488935718910690        1.3510354376940295       0.62383541654029606     
   2.9452431127404308        1.3319936690863206       0.31802853744084503     
   3.1415926535897931        1.3257323823880351        1.9963708419233956E-016
